25
24
0	15	0	15
1	30	0	15
2	29.4894	0	18.8804
3	27.9924	0	22.4966
4	25.6108	0	25.6024
5	22.5069	0	27.9864
6	18.8919	0	29.4863
7	15.0119	0	30
8	11.1312	0	29.4925
9	7.5138	0	27.9983
10	4.40608	0	25.6193
11	2.01959	0	22.5172
12	0.516795	0	18.9034
13	1.90735e-005	0	15.0239
14	0.504436	0	11.1427
15	1.99571	0	7.52415
16	4.3723	0	4.41454
17	7.47243	0	2.02558
18	11.085	0	0.51991
19	14.9642	0	4.29153e-005
20	18.8457	0	0.501369
21	22.4655	0	1.98975
22	25.577	0	4.36388
23	27.9684	0	7.4621
24	29.477	0	11.0735
0	0	1
1	0	2
2	0	3
3	0	4
4	0	5
5	0	6
6	0	7
7	0	8
8	0	9
9	0	10
10	0	11
11	0	12
12	0	13
13	0	14
14	0	15
15	0	16
16	0	17
17	0	18
18	0	19
19	0	20
20	0	21
21	0	22
22	0	23
23	0	24
